let mapName = {

  backgroundMap: [
    [0, 0, 0, 0, 0, 0, 0, 0, 0, 0],
    [0, 0, 0, 0, 0, 0, 0, 0, 0, 0],
    [0, 0, 0, 0, 0, 0, 0, 0, 0, 0],
    [0, 0, 0, 0, 0, 0, 0, 0, 0, 0],
    [0, 0, 0, 0, 0, 0, 0, 0, 0, 0],
    [0, 0, 0, 0, 0, 0, 0, 0, 0, 0],
    [0, 0, 0, 0, 0, 0, 0, 0, 0, 0],
    [0, 0, 0, 0, 0, 0, 0, 0, 0, 0],
    [0, 0, 0, 0, 0, 0, 0, 0, 0, 0],
    [0, 0, 0, 0, 0, 0, 0, 0, 0, 0]
  ],

  collisionMap: [
    [0, 0, 0, 0, 0, 0, 0, 0, 0, 0], //0 is collision, 1 is free
    [0, 0, 0, 0, 0, 0, 0, 0, 0, 0],
    [0, 0, 0, 0, 0, 0, 0, 0, 0, 0],
    [0, 0, 0, 0, 0, 0, 0, 0, 0, 0],
    [0, 0, 0, 0, 0, 0, 0, 0, 0, 0],
    [0, 0, 0, 0, 0, 0, 0, 0, 0, 0],
    [0, 0, 0, 0, 0, 0, 0, 0, 0, 0],
    [0, 0, 0, 0, 0, 0, 0, 0, 0, 0],
    [0, 0, 0, 0, 0, 0, 0, 0, 0, 0],
    [0, 0, 0, 0, 0, 0, 0, 0, 0, 0]
  ]

  foregroundMap: [
    [0, 0, 0, 0, 0, 0, 0, 0, 0, 0],
    [0, 0, 0, 0, 0, 0, 0, 0, 0, 0],
    [0, 0, 0, 0, 0, 0, 0, 0, 0, 0],
    [0, 0, 0, 0, 0, 0, 0, 0, 0, 0],
    [0, 0, 0, 0, 0, 0, 0, 0, 0, 0],
    [0, 0, 0, 0, 0, 0, 0, 0, 0, 0],
    [0, 0, 0, 0, 0, 0, 0, 0, 0, 0],
    [0, 0, 0, 0, 0, 0, 0, 0, 0, 0],
    [0, 0, 0, 0, 0, 0, 0, 0, 0, 0],
    [0, 0, 0, 0, 0, 0, 0, 0, 0, 0]
  ],

  interactMap: [
    [0, 0, 0, 0, 0, 0, 0, 0, 0, 0],
    [0, 0, 0, 0, 0, 0, 0, 0, 0, 0],
    [0, 0, 0, 0, 0, 0, 0, 0, 0, 0],
    [0, 0, 0, 0, 0, 0, 0, 0, 0, 0],
    [0, 0, 0, 0, 0, 0, 0, 0, 0, 0],
    [0, 0, 0, 0, 0, 0, 0, 0, 0, 0],
    [0, 0, 0, 0, 0, 0, 0, 0, 0, 0],
    [0, 0, 0, 0, 0, 0, 0, 0, 0, 0],
    [0, 0, 0, 0, 0, 0, 0, 0, 0, 0],
    [0, 0, 0, 0, 0, 0, 0, 0, 0, 0]
  ],

  dialgoueMap: [
    [-1, -1, -1, -1, -1, -1, -1, -1, -1, -1], //start from 0 to insert new dialogue, corresponds to index below
    [-1, -1, -1, -1, -1, -1, -1, -1, -1, -1],
    [-1, -1, -1, -1, -1, -1, -1, -1, -1, -1],
    [-1, -1, -1, -1, -1, -1, -1, -1, -1, -1],
    [-1, -1, -1, -1, -1, -1, -1, -1, -1, -1],
    [-1, -1, -1, -1, -1, -1, -1, -1, -1, -1],
    [-1, -1, -1, -1, -1, -1, -1, -1, -1, -1],
    [-1, -1, -1, -1, -1, -1, -1, -1, -1, -1],
    [-1, -1, -1, -1, -1, -1, -1, -1, -1, -1],
    [-1, -1, -1, -1, -1, -1, -1, -1, -1, -1]
  ],

  dialogueArray: [
    [{character: "Name", dialogue: "Dialogue"}], //Single page dialogue, if no character, remove character section

    [{character: "Name", dialogue: "Dialogue"},
     {character: "Name", dialogue: "Dialogue"}] //Multi page dialogue, if no character, remove character section
  ],

  transitionMap: [
    [-1, -1, -1, -1, -1, -1, -1, -1, -1, -1], //change -1 to correct map transition ID (check loadMap)
    [-1, -1, -1, -1, -1, -1, -1, -1, -1, -1],
    [-1, -1, -1, -1, -1, -1, -1, -1, -1, -1],
    [-1, -1, -1, -1, -1, -1, -1, -1, -1, -1],
    [-1, -1, -1, -1, -1, -1, -1, -1, -1, -1],
    [-1, -1, -1, -1, -1, -1, -1, -1, -1, -1],
    [-1, -1, -1, -1, -1, -1, -1, -1, -1, -1],
    [-1, -1, -1, -1, -1, -1, -1, -1, -1, -1],
    [-1, -1, -1, -1, -1, -1, -1, -1, -1, -1],
    [-1, -1, -1, -1, -1, -1, -1, -1, -1, -1]
  ]

}